%YAML:1.0
---
calibration_time: "2018年05月07日 星期一 20时04分54秒"
nframes: 22
image_width: 1920
image_height: 1080
board_width: 9
board_height: 6
square_size: 2.6499999687075615e-02
aspectRatio: 1.
flags: 2
camera_matrix: !!opencv-matrix
   rows: 3
   cols: 3
   dt: d
   data: [ 3.2509414564006970e+03, 0., 1.0187247329778110e+03, 0.,
       3.2509414564006970e+03, 6.1415985611188160e+02, 0., 0., 1. ]
distortion_coefficients: !!opencv-matrix
   rows: 5
   cols: 1
   dt: d
   data: [ -4.9492318862754603e-01, 8.4545713707128478e-01,
       -9.5144236005288447e-04, 3.3280629657460043e-04,
       -8.0483775542584866e+00 ]
avg_reprojection_error: 4.8405023070684089e-01
per_view_reprojection_errors: !!opencv-matrix
   rows: 22
   cols: 1
   dt: f
   data: [ 4.21131253e-01, 6.16356850e-01, 5.35152316e-01,
       7.43745327e-01, 6.09740019e-01, 4.90245372e-01, 4.43174869e-01,
       3.78744632e-01, 5.00844121e-01, 3.51129472e-01, 3.23532194e-01,
       3.33935380e-01, 2.85534561e-01, 4.11642969e-01, 4.19585913e-01,
       3.73980880e-01, 5.78732312e-01, 6.62939548e-01, 4.04982656e-01,
       5.14345586e-01, 5.50402939e-01, 3.77878577e-01 ]
extrinsic_parameters: !!opencv-matrix
   rows: 22
   cols: 6
   dt: d
   data: [ -4.2764838619670079e-02, 2.1751616934754928e-01,
       -3.1053292479837351e+00, 1.4697697180801750e-01,
       8.9701661168171742e-02, 9.3989005946585669e-01,
       -5.3493361611010773e-02, 5.4968212095666968e-01,
       -3.0673986753062490e+00, 1.4394979177988923e-01,
       5.3459586544471388e-02, 7.5351455589922545e-01,
       1.8943677134191653e-01, -2.1954408993911739e-02,
       -3.1246290786014299e+00, 5.8867329626887101e-02,
       1.3546636702946127e-01, 1.1745801012364736e+00,
       -1.6938167266741164e-01, 5.1973252051210660e-03,
       -3.0962686467097655e+00, 2.0089822844037888e-01,
       1.1074920749766767e-01, 1.1808449122160833e+00,
       8.8874442968225956e-02, 6.3624973271003027e-01,
       -3.0562991537956794e+00, 1.1555646486241661e-01,
       2.0219669629592138e-02, 7.9209625182658805e-01,
       -4.5815385693428784e-01, -4.1435029693893793e-01,
       3.0736116728835512e+00, 2.4743113467699730e-02,
       6.2554335093285729e-02, 8.1283559416543139e-01,
       -5.4289412884686261e-01, -4.2471269371483128e-01,
       3.0551184041552304e+00, -1.0565890498369293e-02,
       3.3471432483950445e-02, 9.2440493733564644e-01,
       -3.0633798041529908e-01, 1.1345294167615540e-01,
       -3.0817992493324651e+00, 2.9543497663984958e-01,
       7.3039986685042843e-02, 1.5024184350164105e+00,
       -6.3562807950718092e-01, -4.5530666138474729e-01,
       3.0313917104615560e+00, -1.5266615803320469e-01,
       -1.5749804176127169e-01, 1.6703386586827942e+00,
       -5.4643445211560260e-01, -3.3513416150857783e-01,
       3.0604032485760642e+00, -1.6201328585935612e-01,
       -1.1150388036167094e-01, 1.7011970795747768e+00,
       -1.6458988843251733e-02, 3.2207657544177853e-01,
       -3.1018439758755707e+00, 1.3383335914369596e-01,
       -1.8085551410540521e-01, 2.2132475471717865e+00,
       1.0300211599731328e-01, -3.6570258326286476e-01,
       -3.0971626168320334e+00, 7.2509402388005254e-02,
       2.3609174406532293e-01, 2.2012065464345714e+00,
       1.0931693395845990e-01, 1.4367641373683041e-01,
       -3.1188545298463373e+00, 8.9994343375319738e-02,
       5.8836898262937795e-02, 1.3362611556879886e+00,
       2.0103168837954791e-01, 4.0329106705551682e-01,
       -3.0960282166743225e+00, 5.6583311342389968e-02,
       -8.2567942482652493e-02, 1.5126565096637909e+00,
       3.7040284375393367e-01, 3.2874221197590670e-01,
       -3.0995069622949516e+00, -1.6297886364167440e-02,
       -3.3904919823623890e-02, 1.4389591261579189e+00,
       2.7489652916091400e-01, -1.3411152141394106e-01,
       -3.1195300539319284e+00, 5.6414367682517301e-03,
       1.6363363064336470e-01, 1.4062871849742355e+00,
       2.7845929291135207e-01, 6.1127301341529361e-01,
       -3.0653867701834256e+00, 6.1876659895695039e-02,
       1.2642575057824307e-02, 8.5018430808514078e-01,
       2.2779295581541217e-01, 6.1709692431174368e-01,
       -3.0637995198182311e+00, 8.7823874596279175e-02,
       6.0198142044319412e-02, 6.7916510323559021e-01,
       2.1031115426743377e-01, 3.1665045385798191e-01,
       -3.1080364392146973e+00, 6.0608667259138826e-02,
       1.7608306105412960e-02, 1.1703403755665656e+00,
       2.9808563155442025e-01, 3.6052526604342683e-01,
       -3.1014233487830460e+00, 6.3717628444543539e-02,
       8.0382576107208933e-02, 8.1074003240733528e-01,
       -3.6476754178701415e-01, -5.5657514923532969e-01,
       3.0673955467300300e+00, 5.2378518035810930e-02,
       4.9460298029273986e-02, 7.4674424053942035e-01,
       -2.4790805345649616e-01, 1.2655036237014486e-01,
       -3.0899826429797987e+00, 2.1200290576384218e-01,
       1.1082770421141110e-01, 1.0488700739987584e+00 ]
